  0.000       0.000       0.000
  0.500       0.082       0.143
  1.000       0.165       0.285
  1.500       0.247       0.428
  2.000       0.330       0.571
  2.500       0.412       0.713
  3.000       0.495       0.856
  3.500       0.577       0.999
  4.000       0.660       1.141
  4.500       0.742       1.284
  5.000       0.825       1.427
  5.500       0.907       1.569
  6.000       0.990       1.712
  6.500       1.072       1.855
  7.000       1.155       1.997
  7.500       1.237       2.140
  8.000       1.319       2.283
  8.500       1.402       2.425
  9.000       1.484       2.568
  9.500       1.567       2.711
 10.000       1.649       2.853
 10.500       1.732       2.996
 11.000       1.814       3.139
 11.500       1.897       3.281
 12.000       1.979       3.424
 12.500       2.062       3.567
 13.000       2.144       3.709
 13.500       2.227       3.852
 14.000       2.309       3.995
 14.500       2.391       4.137
 15.000       2.474       4.280
 15.500       2.556       4.423
 16.000       2.639       4.565
 16.500       2.721       4.708
 17.000       2.804       4.851
 17.500       2.886       4.993
 18.000       2.969       5.136
 18.500       3.051       5.279
 19.000       3.134       5.421
 19.500       3.216       5.564
 20.000       3.299       5.707
 20.500       3.381       5.849
 21.000       3.464       5.992
 21.500       3.546       6.135
 22.000       3.628       6.277
 22.500       3.711       6.420
 23.000       3.793       6.563
 23.500       3.876       6.705
 24.000       3.958       6.848
 24.500       4.041       6.991
 25.000       4.123       7.133
 25.500       4.206       7.276
 26.000       4.288       7.419
 26.500       4.371       7.561
 27.000       4.453       7.704
 27.500       4.536       7.847
 28.000       4.618       7.989
 28.500       4.701       8.132
 29.000       4.783       8.275
 29.500       4.865       8.417
 30.000       4.948       8.560
 30.500       5.030       8.703
 31.000       5.113       8.845
 31.500       5.195       8.988
 32.000       5.278       9.131
 32.500       5.360       9.273
 33.000       5.443       9.416
 33.500       5.525       9.559
 34.000       5.608       9.701
 34.500       5.690       9.844
 35.000       5.773       9.987
 35.500       5.855      10.129
 36.000       5.938      10.272
 36.500       6.020      10.415
 37.000       6.102      10.557
 37.500       6.185      10.700
 38.000       6.267      10.843
 38.500       6.350      10.985
 39.000       6.432      11.128
 39.500       6.515      11.271
 40.000       6.597      11.413
 40.500       6.680      11.556
 41.000       6.762      11.699
 41.500       6.845      11.841
 42.000       6.927      11.984
 42.500       7.010      12.127
 43.000       7.092      12.269
 43.500       7.174      12.412
 44.000       7.257      12.555
 44.500       7.339      12.697
 45.000       7.422      12.840
 45.500       7.504      12.983
 46.000       7.587      13.125
 46.500       7.669      13.268
 47.000       7.752      13.411
 47.500       7.834      13.553
 48.000       7.917      13.696
 48.500       7.999      13.839
 49.000       8.082      13.981
 49.500       8.164      14.124
 50.000       8.247      14.267
 50.500       8.329      14.409
 51.000       8.411      14.552
 51.500       8.494      14.695
 52.000       8.576      14.837
 52.500       8.659      14.980
 53.000       8.741      15.123
 53.500       8.824      15.265
 54.000       8.906      15.408
 54.500       8.989      15.551
 55.000       9.071      15.693
 55.500       9.154      15.836
 56.000       9.236      15.979
 56.500       9.319      16.121
 57.000       9.401      16.264
 57.500       9.484      16.407
 58.000       9.566      16.549
 58.500       9.648      16.692
 59.000       9.731      16.835
 59.500       9.813      16.977
 60.000       9.896      17.120
 60.500       9.978      17.263
 61.000      10.061      17.405
 61.500      10.143      17.548
 62.000      10.226      17.690
 62.500      10.308      17.833
 63.000      10.391      17.976
 63.500      10.473      18.118
 64.000      10.556      18.261
 64.500      10.638      18.404
 65.000      10.721      18.546
 65.500      10.803      18.689
 66.000      10.885      18.832
 66.500      10.968      18.974
 67.000      11.050      19.117
 67.500      11.133      19.260
 68.000      11.215      19.402
 68.500      11.298      19.545
 69.000      11.380      19.688
 69.500      11.463      19.830
 70.000      11.545      19.973
 70.500      11.628      20.116
 71.000      11.710      20.258
 71.500      11.793      20.401
 72.000      11.875      20.544
 72.500      11.957      20.686
 73.000      12.040      20.829
 73.500      12.122      20.972
 74.000      12.205      21.114
 74.500      12.287      21.257
 75.000      12.370      21.400
 75.500      12.452      21.542
 76.000      12.535      21.685
 76.500      12.617      21.828
 77.000      12.700      21.970
 77.500      12.782      22.113
 78.000      12.865      22.256
 78.500      12.947      22.398
 79.000      13.030      22.541
 79.500      13.112      22.684
 80.000      13.194      22.826
 80.500      13.277      22.969
 81.000      13.359      23.112
 81.500      13.442      23.254
 82.000      13.524      23.397
 82.500      13.607      23.540
 83.000      13.689      23.682
 83.500      13.772      23.825
 84.000      13.854      23.968
 84.500      13.937      24.110
 85.000      14.019      24.253
 85.500      14.102      24.396
 86.000      14.184      24.538
 86.500      14.267      24.681
 87.000      14.349      24.824
 87.500      14.431      24.966
 88.000      14.514      25.109
 88.500      14.596      25.252
 89.000      14.679      25.394
 89.500      14.761      25.537
 90.000      14.844      25.680
 90.500      14.926      25.822
 91.000      15.009      25.965
 91.500      15.091      26.108
 92.000      15.174      26.250
 92.500      15.256      26.393
 93.000      15.339      26.536
 93.500      15.421      26.678
 94.000      15.504      26.821
 94.500      15.586      26.964
 95.000      15.668      27.106
 95.500      15.751      27.249
 96.000      15.833      27.392
 96.500      15.916      27.534
 97.000      15.998      27.677
 97.500      16.081      27.820
 98.000      16.163      27.962
 98.500      16.246      28.105
 99.000      16.328      28.248
 99.500      16.411      28.390
100.000      16.493      28.533
100.500      16.576      28.676
101.000      16.658      28.818
101.500      16.740      28.961
102.000      16.823      29.104
102.500      16.905      29.246
103.000      16.988      29.389
103.500      17.070      29.532
104.000      17.153      29.674
104.500      17.235      29.817
105.000      17.318      29.960
105.500      17.400      30.102
106.000      17.483      30.245
106.500      17.565      30.388
107.000      17.648      30.530
107.500      17.730      30.673
108.000      17.813      30.816
108.500      17.895      30.958
109.000      17.977      31.101
109.500      18.060      31.244
110.000      18.142      31.386
110.500      18.225      31.529
111.000      18.307      31.672
111.500      18.390      31.814
112.000      18.472      31.957
112.500      18.555      32.100
113.000      18.637      32.242
113.500      18.720      32.385
114.000      18.802      32.528
114.500      18.885      32.670
115.000      18.967      32.813
115.500      19.050      32.956
116.000      19.132      33.098
116.500      19.214      33.241
117.000      19.297      33.384
117.500      19.379      33.526
118.000      19.462      33.669
118.500      19.544      33.812
119.000      19.627      33.954
119.500      19.709      34.097
120.000      19.792      34.240
120.500      19.874      34.382
121.000      19.957      34.525
121.500      20.039      34.668
122.000      20.122      34.810
122.500      20.204      34.953
123.000      20.287      35.096
123.500      20.369      35.238
124.000      20.451      35.381
124.500      20.534      35.524
125.000      20.616      35.666
125.500      20.699      35.809
126.000      20.781      35.952
126.500      20.864      36.094
127.000      20.946      36.237
127.500      21.029      36.380
128.000      21.111      36.522
128.500      21.194      36.665
129.000      21.276      36.808
129.500      21.359      36.950
130.000      21.441      37.093
130.500      21.523      37.236
131.000      21.606      37.378
131.500      21.688      37.521
132.000      21.771      37.664
132.500      21.853      37.806
133.000      21.936      37.949
133.500      22.018      38.092
134.000      22.101      38.234
134.500      22.183      38.377
135.000      22.266      38.520
135.500      22.348      38.662
136.000      22.431      38.805
136.500      22.513      38.948
137.000      22.596      39.090
137.500      22.678      39.233
138.000      22.760      39.376
138.500      22.843      39.518
139.000      22.925      39.661
139.500      23.008      39.804
140.000      23.090      39.946
140.500      23.173      40.089
141.000      23.255      40.232
141.500      23.338      40.374
142.000      23.413      40.505
142.500      23.489      40.635
143.000      23.564      40.766
143.500      23.639      40.896
144.000      23.715      41.026
144.500      23.790      41.157
145.000      23.865      41.287
145.500      23.941      41.418
146.000      24.016      41.548
146.500      24.092      41.679
147.000      24.167      41.809
147.500      24.242      41.939
148.000      24.318      42.070
148.500      24.393      42.200
149.000      24.469      42.331
149.500      24.544      42.461
150.000      24.619      42.591
150.500      24.695      42.722
151.000      24.770      42.852
151.500      24.846      42.983
152.000      24.921      43.113
152.500      24.996      43.244
153.000      25.072      43.374
153.500      25.147      43.504
154.000      25.222      43.635
154.500      25.298      43.765
155.000      25.373      43.896
155.500      25.449      44.026
156.000      25.524      44.156
156.500      25.599      44.287
157.000      25.675      44.417
157.500      25.750      44.548
158.000      25.826      44.678
158.500      25.901      44.809
159.000      25.976      44.939
159.500      26.052      45.069
160.000      26.127      45.200
160.500      26.202      45.330
161.000      26.278      45.461
161.500      26.353      45.591
162.000      26.429      45.722
162.500      26.504      45.852
163.000      26.579      45.982
163.500      26.655      46.113
164.000      26.730      46.243
164.500      26.806      46.374
165.000      26.881      46.504
165.500      26.956      46.634
166.000      27.032      46.765
166.500      27.107      46.895
167.000      27.182      47.026
167.500      27.258      47.156
168.000      27.333      47.287
168.500      27.409      47.417
169.000      27.484      47.547
169.500      27.559      47.678
170.000      27.635      47.808
170.500      27.710      47.939
171.000      27.786      48.069
171.500      27.861      48.199
172.000      27.936      48.330
172.500      28.012      48.460
173.000      28.087      48.591
173.500      28.163      48.721
174.000      28.238      48.852
174.500      28.313      48.982
175.000      28.389      49.112
175.500      28.464      49.243
176.000      28.539      49.373
176.500      28.615      49.504
177.000      28.690      49.634
177.500      28.766      49.764
178.000      28.841      49.895
178.500      28.916      50.025
179.000      28.992      50.156
179.500      29.067      50.286
180.000      29.143      50.417
180.500      29.218      50.547
181.000      29.293      50.677
181.500      29.369      50.808
182.000      29.444      50.938
182.500      29.519      51.069
183.000      29.595      51.199
183.500      29.670      51.330
184.000      29.746      51.460
184.500      29.821      51.590
185.000      29.896      51.721
185.500      29.972      51.851
186.000      30.047      51.982
186.500      30.123      52.112
187.000      30.198      52.242
187.500      30.273      52.373
188.000      30.349      52.503
188.500      30.424      52.634
189.000      30.499      52.764
189.500      30.575      52.895
190.000      30.650      53.025
190.500      30.726      53.155
191.000      30.801      53.286
191.500      30.876      53.416
192.000      30.952      53.547
192.500      31.027      53.677
193.000      31.103      53.807
193.500      31.178      53.938
194.000      31.253      54.068
194.500      31.329      54.199
195.000      31.404      54.329
195.500      31.480      54.460
196.000      31.555      54.590
196.500      31.630      54.720
197.000      31.706      54.851
197.500      31.781      54.981
198.000      31.856      55.112
198.500      31.932      55.242
199.000      32.007      55.372
199.500      32.083      55.503
200.000      32.158      55.633
200.500      32.233      55.764
201.000      32.309      55.894
201.500      32.384      56.025
202.000      32.460      56.155
202.500      32.535      56.285
203.000      32.610      56.416
203.500      32.686      56.546
204.000      32.761      56.677
204.500      32.836      56.807
205.000      32.912      56.938
205.500      32.987      57.068
206.000      33.063      57.198
206.500      33.138      57.329
207.000      33.213      57.459
207.500      33.289      57.590
208.000      33.364      57.720
208.500      33.440      57.850
209.000      33.515      57.981
209.500      33.589      58.110
210.000      33.652      58.217
210.500      33.714      58.325
211.000      33.776      58.433
211.500      33.839      58.541
212.000      33.901      58.649
212.500      33.963      58.757
213.000      34.026      58.864
213.500      34.088      58.972
214.000      34.150      59.080
214.500      34.213      59.188
215.000      34.275      59.296
215.500      34.337      59.404
216.000      34.400      59.512
216.500      34.462      59.619
217.000      34.524      59.727
217.500      34.587      59.835
218.000      34.649      59.943
218.500      34.711      60.051
219.000      34.774      60.159
219.500      34.836      60.266
220.000      34.898      60.374
220.500      34.961      60.482
221.000      35.023      60.590
221.500      35.085      60.698
222.000      35.148      60.806
222.500      35.210      60.913
223.000      35.272      61.021
223.500      35.335      61.129
224.000      35.397      61.237
224.500      35.459      61.345
225.000      35.522      61.453
225.500      35.584      61.561
226.000      35.646      61.668
226.500      35.709      61.776
227.000      35.771      61.884
227.500      35.833      61.992
228.000      35.896      62.100
228.500      35.958      62.208
229.000      36.020      62.315
229.500      36.083      62.423
230.000      36.145      62.531
230.500      36.207      62.639
231.000      36.270      62.747
231.500      36.332      62.855
232.000      36.395      62.962
232.500      36.457      63.070
233.000      36.519      63.178
233.500      36.582      63.286
234.000      36.644      63.394
234.500      36.706      63.502
235.000      36.769      63.610
235.500      36.831      63.717
236.000      36.893      63.825
236.500      36.956      63.933
237.000      37.018      64.041
237.500      37.080      64.149
238.000      37.143      64.257
238.500      37.205      64.364
239.000      37.267      64.472
239.500      37.330      64.580
240.000      37.392      64.688
240.500      37.454      64.796
241.000      37.517      64.904
241.500      37.579      65.012
242.000      37.641      65.119
242.500      37.704      65.227
243.000      37.766      65.335
243.500      37.828      65.443
244.000      37.891      65.551
244.500      37.953      65.659
245.000      38.015      65.766
245.500      38.078      65.874
246.000      38.140      65.982
246.500      38.202      66.090
247.000      38.265      66.198
247.500      38.327      66.306
248.000      38.389      66.413
248.500      38.452      66.521
249.000      38.514      66.629
249.500      38.576      66.737
250.000      38.639      66.845
250.500      38.701      66.953
251.000      38.763      67.061
251.500      38.826      67.168
252.000      38.888      67.276
252.500      38.950      67.384
253.000      39.013      67.492
253.500      39.075      67.600
254.000      39.137      67.708
254.500      39.200      67.815
255.000      39.262      67.923
255.500      39.324      68.031
256.000      39.387      68.139
256.500      39.449      68.247
257.000      39.511      68.355
257.500      39.574      68.462
258.000      39.636      68.570
258.500      39.698      68.678
259.000      39.761      68.786
259.500      39.823      68.894
260.000      39.885      69.002
260.500      39.948      69.110
261.000      40.010      69.217
261.500      40.072      69.325
262.000      40.135      69.433
262.500      40.197      69.541
263.000      40.259      69.649
263.500      40.322      69.757
264.000      40.384      69.864
264.500      40.446      69.972
265.000      40.509      70.080
265.500      40.571      70.188
266.000      40.633      70.296
266.500      40.696      70.404
267.000      40.758      70.511
267.500      40.820      70.619
268.000      40.883      70.727
268.500      40.945      70.835
269.000      41.007      70.943
269.500      41.070      71.051
270.000      41.132      71.159
270.500      41.194      71.266
271.000      41.257      71.374
271.500      41.319      71.482
272.000      41.381      71.590
272.500      41.444      71.698
273.000      41.506      71.806
273.500      41.568      71.913
274.000      41.631      72.021
274.500      41.693      72.129
275.000      41.755      72.237
275.500      41.818      72.345
276.000      41.880      72.453
276.500      41.942      72.561
277.000      42.005      72.668
277.500      42.067      72.776
278.000      42.130      72.884
278.500      42.192      72.992
279.000      42.254      73.100
279.500      42.317      73.208
280.000      42.379      73.315
280.500      42.441      73.423
281.000      42.504      73.531
281.500      42.566      73.639
282.000      42.628      73.747
282.500      42.691      73.855
283.000      42.753      73.962
283.500      42.815      74.070
284.000      42.878      74.178
284.500      42.940      74.286
285.000      43.002      74.394
285.500      43.065      74.502
286.000      43.127      74.610
286.500      43.189      74.717
287.000      43.252      74.825
287.500      43.314      74.933
288.000      43.376      75.041
288.500      43.439      75.149
289.000      43.501      75.257
289.500      43.563      75.364
290.000      43.626      75.472
290.500      43.688      75.580
291.000      43.750      75.688
291.500      43.813      75.796
292.000      43.875      75.904
292.500      43.937      76.011
293.000      44.000      76.119
293.500      44.062      76.227
294.000      44.124      76.335
294.500      44.187      76.443
295.000      44.249      76.551
295.500      44.311      76.659
296.000      44.374      76.766
296.500      44.436      76.874
297.000      44.498      76.982
297.500      44.561      77.090
298.000      44.623      77.198
298.500      44.685      77.306
299.000      44.748      77.413
299.500      44.810      77.521
300.000      44.872      77.629
300.500      44.935      77.737
301.000      44.997      77.845
301.500      45.059      77.953
302.000      45.122      78.060
302.500      45.184      78.168
303.000      45.246      78.276
303.500      45.309      78.384
304.000      45.371      78.492
304.500      45.433      78.600
305.000      45.496      78.708
305.500      45.558      78.815
306.000      45.620      78.923
306.500      45.683      79.031
307.000      45.745      79.139
307.500      45.807      79.247
308.000      45.870      79.355
308.500      45.932      79.462
309.000      45.994      79.570
309.500      46.057      79.678
310.000      46.119      79.786
310.500      46.181      79.894
311.000      46.244      80.002
311.500      46.306      80.109
312.000      46.368      80.217
312.500      46.431      80.325
313.000      46.493      80.433
313.500      46.555      80.541
314.000      46.618      80.649
314.500      46.680      80.757
315.000      46.742      80.864
315.500      46.805      80.972
316.000      46.867      81.080
316.500      46.929      81.188
317.000      46.992      81.296
317.500      47.054      81.404
318.000      47.116      81.511
318.500      47.179      81.619
319.000      47.241      81.727
319.500      47.303      81.835
320.000      47.366      81.943
320.500      47.428      82.051
321.000      47.490      82.159
321.500      47.553      82.266
322.000      47.615      82.374
322.500      47.677      82.482
323.000      47.740      82.590
323.500      47.802      82.698
324.000      47.864      82.806
324.500      47.927      82.913
325.000      47.989      83.021
325.500      48.052      83.129
326.000      48.114      83.237
326.500      48.176      83.345
327.000      48.239      83.453
327.500      48.301      83.560
328.000      48.363      83.668
328.500      48.426      83.776
329.000      48.488      83.884
329.500      48.550      83.992
330.000      48.613      84.100
330.500      48.675      84.208
331.000      48.737      84.315
331.500      48.800      84.423
332.000      48.862      84.531
332.500      48.924      84.639
333.000      48.987      84.747
333.500      49.049      84.855
334.000      49.111      84.962
334.500      49.174      85.070
335.000      49.236      85.178
335.500      49.298      85.286
336.000      49.361      85.394
336.500      49.423      85.502
337.000      49.485      85.609
337.500      49.548      85.717
338.000      49.610      85.825
338.500      49.672      85.933
339.000      49.735      86.041
339.500      49.797      86.149
340.000      49.859      86.257
340.500      49.922      86.364
341.000      49.984      86.472
341.500      50.046      86.580
342.000      50.109      86.688
342.500      50.171      86.796
343.000      50.233      86.904
343.500      50.296      87.011
344.000      50.358      87.119
344.500      50.420      87.227
345.000      50.483      87.335
345.500      50.545      87.443
346.000      50.607      87.551
346.500      50.670      87.659
347.000      50.732      87.766
347.500      50.794      87.874
348.000      50.857      87.982
348.500      50.919      88.090
349.000      50.981      88.198
349.500      51.044      88.306
350.000      51.106      88.413
350.500      51.168      88.521
351.000      51.231      88.629
351.500      51.293      88.737
352.000      51.355      88.845
352.500      51.418      88.953
353.000      51.480      89.060
353.500      51.542      89.168
354.000      51.605      89.276
354.500      51.667      89.384
355.000      51.729      89.492
355.500      51.792      89.600
356.000      51.854      89.708
356.500      51.916      89.815
357.000      51.979      89.923
357.500      52.041      90.031
358.000      52.103      90.139
358.500      52.166      90.247
359.000      52.228      90.355
359.500      52.290      90.462
360.000      52.353      90.570
360.500      52.415      90.678
361.000      52.477      90.786
361.500      52.540      90.894
362.000      52.602      91.002
362.500      52.664      91.109
363.000      52.727      91.217
363.500      52.789      91.325
364.000      52.851      91.433
364.500      52.914      91.541
365.000      52.976      91.649
365.500      53.038      91.757
366.000      53.101      91.864
366.500      53.163      91.972
367.000      53.225      92.080
367.500      53.288      92.188
368.000      53.350      92.296
368.500      53.412      92.404
369.000      53.475      92.511
369.500      53.537      92.619
370.000      53.599      92.727
370.500      53.662      92.835
371.000      53.724      92.943
371.500      53.787      93.051
372.000      53.849      93.158
372.500      53.911      93.266
373.000      53.974      93.374
373.500      54.036      93.482
374.000      54.098      93.590
374.500      54.161      93.698
375.000      54.223      93.806
375.500      54.285      93.913
376.000      54.348      94.021
376.500      54.410      94.129
377.000      54.472      94.237
377.500      54.535      94.345
378.000      54.597      94.453
378.500      54.659      94.560
379.000      54.722      94.668
379.500      54.784      94.776
380.000      54.846      94.884
380.500      54.909      94.992
381.000      54.971      95.100
381.500      55.033      95.208
382.000      55.096      95.315
382.500      55.158      95.423
383.000      55.220      95.531
383.500      55.283      95.639
384.000      55.345      95.747
384.500      55.407      95.855
385.000      55.470      95.962
385.500      55.532      96.070
386.000      55.594      96.178
386.500      55.657      96.286
387.000      55.719      96.394
387.500      55.781      96.502
388.000      55.844      96.609
388.500      55.906      96.717
389.000      55.968      96.825
389.500      56.031      96.933
390.000      56.093      97.041
390.500      56.155      97.149
391.000      56.218      97.257
391.500      56.280      97.364
392.000      56.342      97.472
392.500      56.405      97.580
393.000      56.467      97.688
393.500      56.529      97.796
394.000      56.592      97.904
394.500      56.654      98.011
395.000      56.716      98.119
395.500      56.779      98.227
396.000      56.841      98.335
396.500      56.903      98.443
397.000      56.966      98.551
397.500      57.028      98.658
398.000      57.090      98.766
398.500      57.153      98.874
399.000      57.215      98.982
399.500      57.277      99.090
400.000      57.340      99.198
400.500      57.402      99.306
401.000      57.464      99.413
401.500      57.527      99.521
402.000      57.589      99.629
402.500      57.651      99.737
403.000      57.714      99.845
403.500      57.776      99.953
404.000      57.838     100.060
404.500      57.901     100.168
405.000      57.963     100.276
405.500      58.025     100.384
406.000      58.088     100.492
406.500      58.150     100.600
407.000      58.212     100.708
407.500      58.275     100.815
408.000      58.337     100.923
408.500      58.399     101.031
409.000      58.462     101.139
409.500      58.524     101.247
410.000      58.586     101.355
410.500      58.649     101.462
411.000      58.711     101.570
411.500      58.773     101.678
412.000      58.836     101.786
412.500      58.898     101.894
413.000      58.960     102.002
413.500      59.023     102.109
414.000      59.085     102.217
414.500      59.147     102.325
415.000      59.210     102.433
415.500      59.272     102.541
416.000      59.334     102.649
416.500      59.397     102.757
417.000      59.459     102.864
417.500      59.521     102.972
418.000      59.584     103.080
418.500      59.646     103.188
419.000      59.709     103.296
419.500      59.771     103.404
420.000      59.833     103.511
420.500      59.896     103.619
421.000      59.958     103.727
421.500      60.020     103.835
422.000      60.083     103.943
422.500      60.145     104.051
423.000      60.207     104.158
423.500      60.270     104.266
424.000      60.332     104.374
424.500      60.394     104.482
425.000      60.457     104.590
425.500      60.519     104.698
426.000      60.581     104.806
426.500      60.644     104.913
427.000      60.706     105.021
427.500      60.768     105.129
428.000      60.831     105.237
428.500      60.893     105.345
429.000      60.955     105.453
429.500      61.018     105.560
430.000      61.080     105.668
430.500      61.142     105.776
431.000      61.205     105.884
431.500      61.267     105.992
432.000      61.329     106.100
432.500      61.392     106.207
433.000      61.454     106.315
433.500      61.516     106.423
434.000      61.579     106.531
434.500      61.641     106.639
435.000      61.703     106.747
435.500      61.766     106.855
436.000      61.828     106.962
436.500      61.890     107.070
437.000      61.953     107.178
437.500      62.015     107.286
438.000      62.077     107.394
438.500      62.140     107.502
439.000      62.202     107.609
439.500      62.264     107.717
440.000      62.327     107.825
440.500      62.389     107.933
441.000      62.451     108.041
441.500      62.514     108.149
442.000      62.576     108.257
442.500      62.638     108.364
443.000      62.701     108.472
443.500      62.763     108.580
444.000      62.825     108.688
444.500      62.888     108.796
445.000      62.950     108.904
445.500      63.012     109.011
446.000      63.075     109.119
446.500      63.137     109.227
447.000      63.199     109.335
447.500      63.262     109.443
448.000      63.324     109.551
448.500      63.386     109.658
449.000      63.449     109.766
449.500      63.511     109.874
450.000      63.573     109.982
450.500      63.636     110.090
451.000      63.698     110.198
451.500      63.760     110.306
452.000      63.823     110.413
452.500      63.885     110.521
453.000      63.947     110.629
453.500      64.010     110.737
454.000      64.072     110.845
454.500      64.134     110.953
455.000      64.197     111.060
455.500      64.259     111.168
456.000      64.321     111.276
456.500      64.384     111.384
457.000      64.446     111.492
457.500      64.508     111.600
458.000      64.571     111.707
458.500      64.633     111.815
459.000      64.695     111.923
459.500      64.758     112.031
460.000      64.820     112.139
460.500      64.882     112.247
461.000      64.945     112.355
461.500      65.007     112.462
462.000      65.069     112.570
462.500      65.132     112.678
463.000      65.194     112.786
463.500      65.257     112.894
464.000      65.319     113.002
464.500      65.381     113.109
465.000      65.444     113.217
465.500      65.506     113.325
466.000      65.568     113.433
466.500      65.631     113.541
467.000      65.693     113.649
467.500      65.755     113.757
468.000      65.818     113.864
468.500      65.880     113.972
469.000      65.942     114.080
469.500      66.005     114.188
470.000      66.067     114.296
470.500      66.129     114.404
471.000      66.192     114.511
471.500      66.254     114.619
472.000      66.316     114.727
472.500      66.379     114.835
473.000      66.441     114.943
473.500      66.503     115.051
474.000      66.566     115.158
474.500      66.628     115.266
475.000      66.690     115.374
475.500      66.753     115.482
476.000      66.815     115.590
476.500      66.877     115.698
477.000      66.940     115.806
477.500      67.002     115.913
478.000      67.064     116.021
478.500      67.127     116.129
479.000      67.189     116.237
479.500      67.251     116.345
480.000      67.314     116.453
480.500      67.376     116.560
481.000      67.438     116.668
481.500      67.501     116.776
482.000      67.563     116.884
482.500      67.625     116.992
483.000      67.688     117.100
483.500      67.750     117.207
484.000      67.812     117.315
484.500      67.875     117.423
485.000      67.937     117.531
485.500      67.999     117.639
486.000      68.062     117.747
486.500      68.124     117.855
487.000      68.186     117.962
487.500      68.249     118.070
488.000      68.311     118.178
488.500      68.373     118.286
489.000      68.436     118.394
489.500      68.498     118.502
490.000      68.560     118.609
490.500      68.623     118.717
491.000      68.685     118.825
491.500      68.747     118.933
492.000      68.810     119.041
492.500      68.872     119.149
493.000      68.934     119.256
493.500      68.997     119.364
494.000      69.059     119.472
494.500      69.121     119.580
495.000      69.184     119.688
495.500      69.246     119.796
496.000      69.308     119.904
496.500      69.371     120.011
497.000      69.433     120.119
497.500      69.495     120.227
498.000      69.558     120.335
498.500      69.620     120.443
499.000      69.682     120.551
499.500      69.745     120.658
500.000      69.807     120.766
